965
914
64115
152404
941
29126
940
942
1493
23308
102723996
29851
3108
3109
3111
3112
3113
3115
3117
3118
3119
3122
3123
3125
3126
3127
920
3105
3106
3107
3134
3135
3133
925
926
927
80380
80381
79679
5133
958
959
214
923
5817
10666
5819
201633
3683
3689
3383
3384
3385
933
5788
6614
6693
25945
1364
1365
1366
149461
10686
23562
24146
26285
49861
5010
51208
53842
7122
9071
9073
9074
9075
9076
9080
137075
100288814
644672
100132463
9069
100506658
50848
58494
83700
90952
1003
5175
4267
83692
3684
6404
6403
3676
3688
3680
7412
3695
8174
6402
947
2734
6401
5818
1000
4684
4685
3897
23705
257194
22854
57689
84628
64101
5792
94030
6382
6383
9672
6385
3685
3696
8516
9378
9379
9369
22871
57555
54413
57502
22829
5802
114798
84631
139065
26050
84189
5789
22865
57863
4897
1272
5797
6900
23114
8506
26047
4359
9019
4099
999
1462
3655
1001
1002
1013
4756
