10000
10488
10681
111
1312
1385
1386
1388
1432
148327
163688
1644
1812
1813
1814
1815
1816
207
208
220074
23236
2353
2770
2771
2773
2774
2775
2776
2778
2782
2783
2784
2785
2786
2787
2788
2790
2791
2792
2793
28227
2890
2891
2892
2893
2903
2904
2931
2932
3708
3709
3710
3760
3762
3763
3765
3798
3799
3800
406
408
409
4128
4129
468
50632
51764
51806
5330
5331
5332
54331
5499
5500
5501
55012
5515
5516
5518
5519
5520
5521
5522
5523
5525
5526
5527
5528
5529
5530
5532
5533
5566
5567
5568
5578
5579
5582
55844
55970
5599
5600
5601
5602
5603
59345
6300
6323
64764
6531
6570
6571
7054
773
774
775
776
801
805
808
810
815
816
817
818
84152
84699
90993
91860
94235
9575
9586